0.003835
0.003843
0.003952
0.004383
0.005055
0.006961
0.008535
0.008698
0.010521
0.010886
0.013258
0.013531
0.014747
0.014774
0.014825
0.015927
0.015934
0.016536
0.020758
0.020844
0.021716
0.021902
0.022298
0.022372
0.024639
0.027053
0.027569
0.031949
0.034363
0.036444
0.038017
0.040808
0.041324
0.042326
0.042760
0.043514
0.045029
0.045164
0.045509
0.045757
0.048670
0.049014
0.050885
0.051231
0.051978
0.052714
0.053577
0.053636
0.054785
0.054952
0.056372
0.056703
0.057601
0.059256
0.059259
0.059838
0.060833
0.060836
0.060956
0.061005
0.061181
0.061215
0.063657
0.065777
0.066098
0.068131
0.068831
0.070090
0.071401
0.072108
0.073888
0.073913
0.074235
0.074565
0.074946
0.075416
0.076079
0.076181
0.077050
0.077555
0.077837
0.082181
0.085499
0.085621
0.086455
0.087112
0.087752
0.090614
0.091815
0.092782
0.093971
0.095185
0.097199
0.097244
0.097833
0.097890
0.098676
0.098916
0.099228
0.099815
0.101548
0.101673
0.103805
0.104655
0.105164
0.105348
0.107415
0.107958
0.107969
0.108062
0.108158
0.108851
0.109784
0.110577
0.112706
0.112957
0.114830
0.114916
0.116720
0.119265
0.121429
0.121495
0.121540
0.124112
0.124279
0.124558
0.124631
0.124886
0.126250
0.127025
0.128916
0.131628
0.132476
0.132639
0.132667
0.132819
0.133376
0.135261
0.136606
0.137111
0.137854
0.138945
0.139750
0.140202
0.141360
0.141768
0.141914
0.144564
0.145662
0.146462
0.146975
0.147767
0.149064
0.149456
0.149669
0.151900
0.154587
0.155099
0.155184
0.155204
0.157291
0.157465
0.157481
0.162075
0.163017
0.163207
0.163420
0.163565
0.163850
0.164500
0.165112
0.165650
0.165734
0.166797
0.167492
0.170587
0.171679
0.174715
0.175327
0.175409
0.177466
0.179122
0.180558
0.181564
0.182592
0.183511
0.183679
0.183823
0.186004
0.187683
0.187888
0.188358
0.192051
0.194334
0.194641
0.195427
0.197439
0.198416
0.200036
0.200598
0.202849
0.202951
0.204581
0.204779
0.205053
0.205377
0.206231
0.206782
0.208538
0.209877
0.212452
0.213220
0.214630
0.215059
0.216964
0.216965
0.218325
0.219745
0.220192
0.220458
0.220632
0.221311
0.223091
0.224583
0.224939
0.227570
0.227851
0.227929
0.229173
0.229728
0.230156
0.231076
0.232540
0.233361
0.233455
0.233477
0.233830
0.235976
0.236491
0.236629
0.237289
0.237614
0.240914
0.241691
0.241967
0.242247
0.242706
0.246214
0.246701
0.247758
0.248733
0.248859
0.249050
0.250889
0.251218
0.252844
0.255259
0.255290
0.257903
0.258684
0.260367
0.260957
0.261652
0.261987
0.262911
0.265638
0.266009
0.267110
0.268320
0.268453
0.268589
0.269449
0.269484
0.269969
0.270402
0.270594
0.271669
0.271782
0.271918
0.272712
0.273432
0.273945
0.274218
0.277548
0.277933
0.280628
0.283828
0.284813
0.286372
0.286935
0.287979
0.289928
0.290769
0.292784
0.293130
0.293287
0.294164
0.294198
0.296855
0.297797
0.300828
0.301104
0.302382
0.302895
0.302940
0.303714
0.303948
0.305458
0.305668
0.306429
0.306492
0.314074
0.314674
0.315138
0.315451
0.317833
0.318605
0.318941
0.322568
0.323119
0.324579
0.325937
0.326615
0.326630
0.327370
0.330285
0.331053
0.331306
0.332593
0.333893
0.334947
0.335737
0.335739
0.339614
0.339753
0.340676
0.341076
0.341836
0.341885
0.344416
0.345139
0.345415
0.345432
0.345440
0.345572
0.346692
0.347258
0.347891
0.348279
0.348740
0.349783
0.352169
0.352470
0.353035
0.353063
0.353338
0.353864
0.354188
0.356663
0.357155
0.357901
0.358946
0.361431
0.361623
0.361736
0.362154
0.362670
0.363527
0.366029
0.366762
0.367203
0.367645
0.367980
0.368618
0.368651
0.369402
0.369668
0.369793
0.370939
0.371684
0.373151
0.374220
0.375915
0.377799
0.378341
0.378466
0.378787
0.379139
0.379807
0.380974
0.381409
0.381537
0.381794
0.383150
0.383315
0.384211
0.384414
0.384960
0.385353
0.385731
0.386632
0.388283
0.388750
0.388802
0.389104
0.389645
0.391496
0.392392
0.393020
0.393653
0.394653
0.396122
0.396252
0.396623
0.397347
0.397743
0.400333
0.400544
0.401147
0.402690
0.402841
0.403920
0.406178
0.406315
0.407820
0.409040
0.409648
0.410244
0.414284
0.414577
0.414865
0.415399
0.416446
0.416694
0.416954
0.417562
0.419482
0.419523
0.420695
0.422251
0.422982
0.424306
0.425237
0.425896
0.426293
0.426498
0.428057
0.428585
0.428754
0.429022
0.430638
0.430847
0.435080
0.437450
0.440061
0.440796
0.440977
0.443431
0.444207
0.448268
0.449138
0.449465
0.449524
0.451212
0.451816
0.452937
0.454179
0.454438
0.455666
0.455845
0.457551
0.458556
0.460417
0.460774
0.461115
0.462763
0.463019
0.463236
0.463947
0.464595
0.465239
0.465674
0.465942
0.466714
0.471554
0.471695
0.475358
0.475920
0.475947
0.476794
0.477740
0.479068
0.480559
0.480801
0.481104
0.482600
0.482795
0.484991
0.485137
0.485933
0.487398
0.487490
0.488191
0.488465
0.488641
0.489036
0.490227
0.490883
0.493529
0.494068
0.494931
0.495266
0.495276
0.495308
0.495634
0.495756
0.496624
0.499037
0.499057
0.499227
0.499340
0.499992
0.500925
0.504027
0.504962
0.506144
0.507474
0.508186
0.508268
0.508798
0.508801
0.512210
0.512881
0.513556
0.514099
0.515319
0.516970
0.517189
0.517548
0.518989
0.519571
0.521006
0.521246
0.522835
0.523976
0.526585
0.527532
0.530989
0.532910
0.534001
0.534266
0.535871
0.537956
0.538094
0.538921
0.540084
0.540786
0.541146
0.541732
0.542097
0.542704
0.543578
0.545409
0.546656
0.547502
0.548118
0.548832
0.549093
0.549192
0.550181
0.551095
0.552667
0.552947
0.553207
0.554750
0.555509
0.556015
0.557200
0.557409
0.557913
0.558245
0.558998
0.560702
0.560873
0.560916
0.561407
0.562819
0.562819
0.564543
0.564953
0.565873
0.565887
0.567001
0.567492
0.567652
0.569883
0.570301
0.570314
0.572285
0.573346
0.573985
0.579355
0.579755
0.582070
0.584221
0.585566
0.587037
0.587324
0.588499
0.589188
0.589240
0.590494
0.591724
0.593880
0.595076
0.596044
0.597295
0.598930
0.599074
0.601960
0.602997
0.603196
0.604978
0.606583
0.607179
0.609580
0.614068
0.615021
0.615054
0.615671
0.616956
0.617639
0.618487
0.618614
0.619779
0.622458
0.627336
0.629295
0.629507
0.630021
0.630876
0.632042
0.632709
0.634540
0.634808
0.637397
0.638850
0.639993
0.641406
0.642538
0.643760
0.644202
0.645736
0.645857
0.646061
0.647983
0.648210
0.650662
0.651078
0.651476
0.655043
0.655126
0.655383
0.655672
0.657593
0.659314
0.660917
0.662388
0.662545
0.663117
0.663157
0.663498
0.663584
0.664600
0.668446
0.669684
0.670115
0.671646
0.673439
0.673920
0.674436
0.674768
0.679148
0.679387
0.680969
0.681361
0.683708
0.685138
0.685442
0.686387
0.688942
0.689947
0.691172
0.692312
0.697075
0.700816
0.702238
0.702812
0.702944
0.703672
0.703947
0.704662
0.704823
0.705527
0.706555
0.710170
0.710321
0.710371
0.711467
0.712654
0.713519
0.715409
0.716407
0.718914
0.719226
0.719503
0.719792
0.721114
0.728454
0.728459
0.728667
0.728759
0.729206
0.729438
0.729514
0.730983
0.731525
0.731597
0.734985
0.736088
0.736237
0.737873
0.738618
0.740982
0.741494
0.741636
0.745872
0.748839
0.750177
0.752999
0.753801
0.754552
0.754786
0.754963
0.755219
0.756313
0.756555
0.756968
0.758105
0.758692
0.759353
0.759564
0.760992
0.761020
0.761447
0.762568
0.764055
0.764972
0.765895
0.766014
0.766172
0.766307
0.766774
0.767329
0.768958
0.769236
0.769946
0.770841
0.770993
0.772980
0.773522
0.773850
0.774511
0.775539
0.775756
0.777687
0.777916
0.778303
0.778904
0.778964
0.779989
0.780872
0.781082
0.781545
0.781653
0.783011
0.784501
0.786927
0.787072
0.787971
0.788056
0.788489
0.789097
0.792949
0.793942
0.795021
0.795126
0.795931
0.795941
0.796775
0.797762
0.798548
0.802323
0.802949
0.802965
0.804483
0.805348
0.805440
0.806750
0.810440
0.811387
0.811741
0.811746
0.812066
0.813702
0.814304
0.814486
0.815935
0.816460
0.817271
0.817760
0.818106
0.818278
0.818702
0.819497
0.821063
0.822044
0.826252
0.826489
0.826834
0.828434
0.829113
0.829373
0.830223
0.830667
0.830879
0.831468
0.834419
0.834636
0.834897
0.835417
0.835828
0.839719
0.839934
0.840551
0.842053
0.842544
0.843161
0.844119
0.844925
0.845151
0.846453
0.846463
0.846714
0.846915
0.847096
0.849130
0.851438
0.852152
0.852547
0.853019
0.853317
0.853403
0.854759
0.859494
0.859527
0.859706
0.861208
0.861397
0.861627
0.861651
0.861785
0.862564
0.867102
0.867729
0.868091
0.869297
0.869328
0.869500
0.870368
0.870534
0.870990
0.871405
0.872352
0.873006
0.873039
0.874324
0.874707
0.875194
0.875228
0.877666
0.878128
0.879287
0.879498
0.880176
0.880439
0.881760
0.882566
0.883642
0.885813
0.886143
0.887212
0.887691
0.889016
0.890077
0.890305
0.891180
0.891273
0.891482
0.891726
0.893348
0.893674
0.893871
0.893967
0.894989
0.896112
0.897355
0.899117
0.904609
0.906950
0.907509
0.909652
0.910063
0.912080
0.912281
0.913877
0.914473
0.915579
0.916341
0.918748
0.918960
0.921019
0.922712
0.924166
0.924240
0.924627
0.926301
0.927129
0.927586
0.929524
0.930841
0.933551
0.934878
0.935406
0.937977
0.939079
0.941821
0.942532
0.943107
0.943844
0.946429
0.947150
0.948588
0.949604
0.952016
0.953022
0.954728
0.957618
0.959237
0.961875
0.962670
0.963071
0.963397
0.964059
0.967264
0.968012
0.968016
0.968310
0.970721
0.971223
0.972958
0.973566
0.974795
0.974947
0.976077
0.977276
0.977817
0.980196
0.980311
0.981659
0.981687
0.983175
0.983777
0.984059
0.984211
0.984290
0.986399
0.986812
0.986920
0.987123
0.989555
0.990677
0.991594
0.992008
0.992650
0.992980
0.993874
0.995938
0.997788
0.998535
